* pvp
** pokemons
*** Charmina (Medicham)1500
    - Great League (1500):
    1. 15/15/15
    2. 15/14/15
    3. 14/15/15
    4. 15/15/14
    - Ultra League (2500): ^
    - Master League (Any) ^

*** Strassie (Carbink) 1500
    - Great League (1500):
    1. 15/15/15
    2. 14/15/15
    3. 15/13/15
    4. 15/15/14
    - Ultra League (2500): ^
    - Master League (Any) ^

*** Excelangue (Lickitung)1500
    - Great League (1500):
    1. 15/15/15
    2. 15/15/14
    3. 15/14/15
    4. 14/15/15
    - Ultra League (2500): ^
    - Master League (Any): ^
*** Scorplane-shadow/normal (gligar)1500
    - Great League (1500):
        1. 0/15/12
        2. 0/15/15
        3. 1/15/14
        4. 1/15/15
*** Ténéfix (Sableye) 1500
    - Great League (1500):
    1. 15/15/15
    2. 14/15/15
    3. 15/14/15
    4. 15/15/14
    - Ultra League (2500): ^
    - Master League (Any): ^

*** Noarfang (Noctowl)1500
    - Great League (1500):
    1. 1/14/15
    2. 0/15/15
    3. 0/14/10
    4. 0/12/13
    - Ultra League (2500):
    1. 15/15/15
    2. 15/15/14
    3. 15/15/13
    4. 15/14/15
    - Master League (Any) ^

*** Altaria (Altaria)1500
    - Great League (1500):
    1. 0/14/15
    2. 0/15/14
    3. 0/13/15
    4. 1/11/15
    - Ultra Leangue (2500):
    1. 15/15/15
    2. 15/15/14
    3. 15/14/15
    4. 15/14/14
*** Limonde-galar (Stunfisk)1500/2500
    - Great League (1500):
    1. 0/12/15
    2. 0/13/14
    3. 0/15/11
    4. 1/10/15
    - Ultra League (2500):
    1. 15/15/15
    2. 15/15/14
    3. 15/14/15
    4. 14/15/15
    - Master League (Any):^
